1 27331
2 16239
3 6062
4 11971
5 16328
6 28563
7 22148
8 8427
9 20018
10 17642
11 31194
12 5163
13 13255
14 26776
15 23500
16 26900
17 17997
18 5830
19 22662
20 21676
21 2173
22 1318
23 2793
24 31580
25 28651
26 21485
27 735
28 1712
29 10764
30 506
31 23166
32 16551
33 6262
34 3165
35 14439
36 32440
37 2227
38 23414
39 23021
40 3147
41 5556
42 27928
43 843
44 19755
45 25041
46 30138
47 10006
48 13899
49 7227
50 4493
51 24157
52 11897
53 2629
54 14429
55 25609
56 13333
57 28227
58 4013
59 14221
60 12882
61 18551
62 6518
63 15932
64 25315
65 17045
66 21985
67 10630
68 13496
69 10226
70 6525
71 3462
72 30209
73 18282
74 4547
75 21493
76 8120
77 32397
78 2814
79 20813
80 13461
81 12458
82 3570
83 12077
84 25467
85 11062
86 150
87 13752
88 19113
89 7628
90 18733
91 22600
92 28400
93 25449
94 1307
95 12300
96 26480
97 4713
98 26879
99 16261
100 25550
